390 261
380 260
377 260
376 260
374 260
373 260
372 260
371 260
370 260
368 260
367 260
366 260
365 260
364 260
361 260
360 260
360 262
359 262
358 262
356 262
356 263
355 263
355 264
354 264
353 265
352 266
351 268
350 269
348 270
348 271
348 272
347 272
347 273
346 274
345 276
345 277
344 278
344 279
344 280
343 280
343 282
341 282
340 285
340 286
339 286
339 288
338 289
338 290
337 290
337 291
335 294
335 295
334 296
334 297
333 298
333 299
332 299
332 301
332 303
332 304
331 304
331 305
331 306
330 308
330 309
330 311
328 311
328 312
328 313
328 314
328 316
328 317
328 318
328 321
328 322
328 323
328 328
328 329
328 330
328 331
328 332
328 334
328 335
328 336
328 338
329 342
329 343
329 344
329 346
330 346
330 347
330 348
330 349
330 350
331 355
331 356
331 357
331 358
331 359
332 360
332 361
332 362
332 363
332 366
332 367
332 368
333 368
333 369
333 370
334 370
334 371
334 372
336 374
336 375
337 376
337 378
338 378
339 379
340 382
342 383
343 385
343 386
344 386
344 387
345 388
346 390
348 393
349 394
350 394
350 395
351 396
352 398
352 399
353 400
354 401
356 402
358 406
359 407
360 408
360 409
362 410
362 411
363 412
364 412
364 413
367 415
368 418
369 418
370 418
370 419
372 420
374 421
374 422
376 423
378 425
380 426
381 426
382 426
383 427
384 427
386 428
387 430
388 430
389 430
393 431
396 432
398 433
399 433
401 433
403 434
404 435
405 435
408 436
416 438
418 438
419 438
420 438
422 438
424 438
427 440
432 440
433 440
436 440
437 440
438 440
439 440
440 440
442 440
445 440
447 440
452 438
453 438
454 437
455 437
456 436
459 435
461 433
466 431
467 430
468 430
469 429
472 428
472 426
474 425
476 425
477 423
480 421
482 419
484 418
486 417
487 417
488 415
490 414
492 412
496 407
497 407
499 406
499 405
500 403
501 402
504 399
504 398
507 395
508 393
510 391
511 390
512 389
512 386
515 386
517 381
518 380
518 379
519 378
520 377
520 376
521 374
522 370
523 368
523 366
523 365
523 363
524 360
524 359
524 358
524 355
524 354
524 353
524 352
524 349
524 348
524 346
524 345
524 344
524 342
524 341
524 339
524 338
524 337
524 335
524 334
524 333
523 332
523 329
523 328
522 328
522 326
521 324
518 315
517 313
516 309
516 308
516 307
515 306
513 306
513 305
512 302
510 300
510 299
509 299
509 298
508 298
508 296
508 295
505 294
504 294
504 293
503 293
503 292
502 291
500 290
499 289
498 289
497 289
497 288
496 287
492 286
492 285
491 285
490 284
489 284
486 282
485 282
485 281
483 280
482 280
481 279
479 279
477 278
475 278
472 276
471 276
468 275
467 275
464 274
463 274
460 274
457 274
456 274
456 273
455 273
452 273
451 273
450 273
447 272
446 272
445 272
444 271
443 271
442 271
442 270
440 270
439 270
438 269
436 269
434 268
433 268
432 268
430 267
429 267
428 267
427 267
426 267
424 267
423 267
422 267
420 267
419 267
418 267
417 267
416 267
414 267
413 267
412 267
411 267
410 266
409 266
408 266
407 266
406 266
405 266
404 266
403 266
402 266
400 265
399 265
398 265
397 265
396 265
396 264
394 264
393 264
------
399 309
400 310
401 310
402 310
403 311
404 311
404 312
404 314
405 314
406 314
408 314
408 315
408 316
409 316
409 317
410 317
411 318
412 318
414 318
414 319
415 319
415 321
416 321
417 321
417 322
418 322
419 322
420 322
421 322
422 322
423 322
424 322
425 322
426 322
428 322
429 322
430 322
431 322
432 322
434 322
435 322
436 322
437 322
437 320
438 320
439 320
440 320
440 319
441 319
442 319
443 318
444 318
445 318
446 318
448 318
448 317
------
452 250
452 251
451 251
450 251
450 252
448 252
448 254
447 254
447 255
446 255
446 256
446 257
445 257
445 258
444 258
444 259
443 259
443 261
441 261
441 262
440 262
440 263
440 264
439 265
439 266
438 266
438 267
438 268
437 269
437 270
436 270
436 271
435 272
435 274
434 274
434 275
433 275
432 277
432 278
431 280
431 281
430 281
430 282
428 282
428 283
428 284
428 285
427 285
427 286
427 287
426 288
426 289
426 290
425 290
425 291
425 292
424 292
424 294
424 295
424 296
424 297
423 297
423 298
421 298
421 300
421 301
421 302
420 302
420 303
420 304
420 305
420 306
420 307
420 308
419 308
419 309
419 310
419 311
419 312
419 314
419 315
419 316
419 317
419 318